3.785213708877563477e+00
3.896431684494018555e+00
4.703636646270751953e+00
4.278909683227539062e+00
4.380731582641601562e+00
4.218415260314941406e+00
4.179021835327148438e+00
3.008561849594116211e+00
3.338788509368896484e+00
3.638929843902587891e+00
3.902180671691894531e+00
3.859280109405517578e+00
3.758745431900024414e+00
3.634227037429809570e+00
2.741211891174316406e+00
3.025974273681640625e+00
3.573355197906494141e+00
3.266545772552490234e+00
3.298034667968750000e+00
3.774956226348876953e+00
3.309716224670410156e+00
2.773348331451416016e+00
2.742672920227050781e+00
3.109821796417236328e+00
3.055557727813720703e+00
3.210611343383789062e+00
3.722393989562988281e+00
3.253407478332519531e+00
2.442836284637451172e+00
2.463397741317749023e+00
3.089040279388427734e+00
2.702733039855957031e+00
3.257962703704833984e+00
3.577049255371093750e+00
3.139799594879150391e+00
2.282690048217773438e+00
2.467761516571044922e+00
3.075683355331420898e+00
2.783312797546386719e+00
2.970347881317138672e+00
3.216415166854858398e+00
3.106204986572265625e+00
1.928999066352844238e+00
2.120398044586181641e+00
2.918506145477294922e+00
2.553356647491455078e+00
2.682383298873901367e+00
3.394948005676269531e+00
3.022595405578613281e+00
1.697411775588989258e+00
2.167155504226684570e+00
2.851901531219482422e+00
2.649026393890380859e+00
2.851859569549560547e+00
3.039535522460937500e+00
2.556412220001220703e+00
2.003587722778320312e+00
1.763410329818725586e+00
2.686842441558837891e+00
2.469526529312133789e+00
2.545939445495605469e+00
3.125351905822753906e+00
2.430842876434326172e+00
1.729167699813842773e+00
1.815732479095458984e+00
2.693861007690429688e+00
2.358021259307861328e+00
2.191443681716918945e+00
2.936511039733886719e+00
2.469008445739746094e+00
1.388936281204223633e+00
1.645748496055603027e+00
2.588839530944824219e+00
2.253949165344238281e+00
2.048283576965332031e+00
2.752949237823486328e+00
2.308748722076416016e+00
1.485747814178466797e+00
1.904723644256591797e+00
2.291648387908935547e+00
2.016437053680419922e+00
2.041429519653320312e+00
2.653321743011474609e+00
2.193954467773437500e+00
1.200520753860473633e+00
1.496275186538696289e+00
2.261314392089843750e+00
2.091602563858032227e+00
1.956138134002685547e+00
2.393077373504638672e+00
2.341085910797119141e+00
1.104782938957214355e+00
1.623875141143798828e+00
1.956004142761230469e+00
2.003330707550048828e+00
1.937084197998046875e+00
2.558017253875732422e+00
2.060631752014160156e+00
1.120129346847534180e+00
1.456590890884399414e+00
1.731889128684997559e+00
1.662740826606750488e+00
1.191736221313476562e+00
2.323032855987548828e+00
1.787266016006469727e+00
1.095394015312194824e+00
1.450823307037353516e+00
1.979293107986450195e+00
1.635399818420410156e+00
1.405581831932067871e+00
2.471841573715209961e+00
1.653798103332519531e+00
9.739659428596496582e-01
1.524829626083374023e+00
1.440507888793945312e+00
1.586244344711303711e+00
1.365619659423828125e+00
2.259438276290893555e+00
1.653600096702575684e+00
9.921815395355224609e-01
1.072527647018432617e+00
1.450647115707397461e+00
1.572870612144470215e+00
1.518696546554565430e+00
1.870430350303649902e+00
1.398436546325683594e+00
7.896087169647216797e-01
1.014004468917846680e+00
1.503235697746276855e+00
1.574076890945434570e+00
1.290487766265869141e+00
1.899550557136535645e+00
1.441488027572631836e+00
7.735646963119506836e-01
1.102607131004333496e+00
1.357677817344665527e+00
1.555897951126098633e+00
9.844489693641662598e-01
1.972842812538146973e+00
1.514310836791992188e+00
8.581025600433349609e-01
1.004934430122375488e+00
1.129405260086059570e+00
1.283012151718139648e+00
1.045372486114501953e+00
1.764610528945922852e+00
9.967931509017944336e-01
6.691318154335021973e-01
1.202099084854125977e+00
1.266806125640869141e+00
1.148868441581726074e+00
1.155434131622314453e+00
1.604432821273803711e+00
1.085022687911987305e+00
7.341088652610778809e-01
9.789233803749084473e-01
1.059904694557189941e+00
1.099732637405395508e+00
8.790379762649536133e-01
1.736214280128479004e+00
1.082994461059570312e+00
6.237386465072631836e-01
9.507224559783935547e-01
1.085743904113769531e+00
1.198586344718933105e+00
7.350523471832275391e-01
1.599041938781738281e+00
9.433335065841674805e-01
6.126919984817504883e-01
7.928951978683471680e-01
1.037425994873046875e+00
1.027121067047119141e+00
6.926743388175964355e-01
1.487916469573974609e+00
1.177051186561584473e+00
4.584079980850219727e-01
1.008853435516357422e+00
9.045817852020263672e-01
1.076176166534423828e+00
7.526606321334838867e-01
1.698814630508422852e+00
9.999895095825195312e-01
4.483631849288940430e-01
1.074680685997009277e+00
8.404312133789062500e-01
1.166394472122192383e+00
7.705844640731811523e-01
1.139033675193786621e+00
1.096977114677429199e+00
5.411006212234497070e-01
7.248488664627075195e-01
1.196168661117553711e+00
1.011206626892089844e+00
7.062495946884155273e-01
1.336398720741271973e+00
8.819344043731689453e-01
5.872935652732849121e-01
7.245543003082275391e-01
9.856346249580383301e-01
9.670264720916748047e-01
7.191640138626098633e-01
1.471752643585205078e+00
6.936150789260864258e-01
5.923575162887573242e-01
7.305579781532287598e-01
6.701281666755676270e-01
7.494863271713256836e-01
5.590054392814636230e-01
1.333910346031188965e+00
7.403988838195800781e-01
5.837124586105346680e-01
6.544193029403686523e-01
8.109562397003173828e-01
1.189865112304687500e+00
6.838838458061218262e-01
1.235443234443664551e+00
8.460812568664550781e-01
4.226332008838653564e-01
7.093560695648193359e-01
6.689790487289428711e-01
8.319777250289916992e-01
6.045052409172058105e-01
1.004163622856140137e+00
6.177749037742614746e-01
4.397316277027130127e-01
6.533952951431274414e-01
6.641178131103515625e-01
7.519029378890991211e-01
3.815708756446838379e-01
1.233753323554992676e+00
6.032894849777221680e-01
4.276898503303527832e-01
6.597512960433959961e-01
6.086840629577636719e-01
6.993725299835205078e-01
5.027767419815063477e-01
1.106779456138610840e+00
5.021727681159973145e-01
4.215951561927795410e-01
4.087865352630615234e-01
6.494820117950439453e-01
7.799319028854370117e-01
4.810359179973602295e-01
1.161030769348144531e+00
5.599391460418701172e-01
4.528148472309112549e-01
5.072209835052490234e-01
5.456818342208862305e-01
7.921783924102783203e-01
4.439033865928649902e-01
1.054807901382446289e+00
5.241445899009704590e-01
2.882984876632690430e-01
5.128630995750427246e-01
5.225327014923095703e-01
7.581005096435546875e-01
3.102186620235443115e-01
9.376837611198425293e-01
5.948460102081298828e-01
4.864344298839569092e-01
5.072889328002929688e-01
5.914587974548339844e-01
8.232482075691223145e-01
4.521692991256713867e-01
1.168000459671020508e+00
5.770471096038818359e-01
2.410036623477935791e-01
6.609245538711547852e-01
4.657948613166809082e-01
6.531764268875122070e-01
4.168774485588073730e-01
8.052556514739990234e-01
4.337075352668762207e-01
3.193480968475341797e-01
5.165419578552246094e-01
4.870440959930419922e-01
6.309398412704467773e-01
3.196885585784912109e-01
7.380059957504272461e-01
4.599494934082031250e-01
3.156390488147735596e-01
5.224931240081787109e-01
6.400423645973205566e-01
4.967356920242309570e-01
3.968320488929748535e-01
9.299141168594360352e-01
6.090621352195739746e-01
3.262162208557128906e-01
3.393556475639343262e-01
4.819511771202087402e-01
7.636814117431640625e-01
4.166790544986724854e-01
6.199326515197753906e-01
3.786896169185638428e-01
2.369418144226074219e-01
3.028643131256103516e-01
4.585158228874206543e-01
6.511043906211853027e-01
3.595866262912750244e-01
5.971021652221679688e-01
3.919892609119415283e-01
2.772460877895355225e-01
3.550278246402740479e-01
2.682512998580932617e-01
6.702901721000671387e-01
3.552547395229339600e-01
7.494103908538818359e-01
4.051269590854644775e-01
2.251097559928894043e-01
3.314233422279357910e-01
2.683309316635131836e-01
1.049349188804626465e+00
3.581756353378295898e-01
6.629213690757751465e-01
4.655206799507141113e-01
2.352089285850524902e-01
3.635955452919006348e-01
3.527513146400451660e-01
4.499837160110473633e-01
3.658252358436584473e-01
6.586116552352905273e-01
4.084761440753936768e-01
2.994254827499389648e-01
4.593262076377868652e-01
4.839054346084594727e-01
8.231873512268066406e-01
3.746514320373535156e-01
6.679742932319641113e-01
3.897461891174316406e-01
3.821119666099548340e-01
3.696945309638977051e-01
4.101653993129730225e-01
2.879671752452850342e-01
2.782652974128723145e-01
5.782001018524169922e-01
3.011530935764312744e-01
1.871824711561203003e-01
3.122237920761108398e-01
3.434484004974365234e-01
5.492627620697021484e-01
3.211125433444976807e-01
6.019384860992431641e-01
3.562432229518890381e-01
2.440769523382186890e-01
3.390512466430664062e-01
2.535832822322845459e-01
5.602931976318359375e-01
3.069100677967071533e-01
6.080994606018066406e-01
2.840422391891479492e-01
2.377843260765075684e-01
2.292390465736389160e-01
3.016165196895599365e-01
4.069139361381530762e-01
2.211871743202209473e-01
6.699162721633911133e-01
5.136365890502929688e-01
2.535791099071502686e-01
3.555809259414672852e-01
3.815150260925292969e-01
3.643434941768646240e-01
1.611499488353729248e-01
5.393124222755432129e-01
4.457891583442687988e-01
3.797999024391174316e-01
3.639677464962005615e-01
2.743564248085021973e-01
6.666213274002075195e-01
2.404928803443908691e-01
5.641623735427856445e-01
1.830873191356658936e-01
1.555788815021514893e-01
1.984314322471618652e-01
2.338085472583770752e-01
4.511914253234863281e-01
2.551441788673400879e-01
4.715726077556610107e-01
2.711670994758605957e-01
2.164179980754852295e-01
3.878578543663024902e-01
2.057539224624633789e-01
5.931869745254516602e-01
2.094222903251647949e-01
4.688415229320526123e-01
2.146140635013580322e-01
9.443601220846176147e-02
2.495345771312713623e-01
3.238522410392761230e-01
4.221162497997283936e-01
1.794501245021820068e-01
3.323424458503723145e-01
1.999646723270416260e-01
1.657226085662841797e-01
2.966621816158294678e-01
3.841387927532196045e-01
3.008747398853302002e-01
2.763010561466217041e-01
3.911078572273254395e-01
3.439054489135742188e-01
3.152917027473449707e-01
2.170603573322296143e-01
2.648885250091552734e-01
2.839918136596679688e-01
2.793582081794738770e-01
5.547677278518676758e-01
1.083253175020217896e-01
1.638639569282531738e-01
3.896540701389312744e-01
3.569652438163757324e-01
4.864720106124877930e-01
1.936325877904891968e-01
4.387198984622955322e-01
1.640683412551879883e-01
1.494810730218887329e-01
3.645458221435546875e-01
2.703776359558105469e-01
3.780176639556884766e-01
1.153496950864791870e-01
5.042251348495483398e-01
2.475177645683288574e-01
3.370414972305297852e-01
2.655558884143829346e-01
5.159658193588256836e-01
3.594774603843688965e-01
2.654251158237457275e-01
4.575064182281494141e-01
2.844419479370117188e-01
2.742344439029693604e-01
2.589920759201049805e-01
4.005389511585235596e-01
4.577096104621887207e-01
1.346435844898223877e-01
3.516397178173065186e-01
1.602019667625427246e-01
2.606555521488189697e-01
2.246147096157073975e-01
1.527195125818252563e-01
3.056735992431640625e-01
2.155361473560333252e-01
4.974830150604248047e-01
3.786821067333221436e-01
1.162237375974655151e-01
2.025625258684158325e-01
3.319287896156311035e-01
3.237019479274749756e-01
1.115393191576004028e-01
5.097552537918090820e-01
3.573082685470581055e-01
1.542416810989379883e-01
3.426898121833801270e-01
1.614917814731597900e-01
4.113940596580505371e-01
2.262823581695556641e-01
3.314676284790039062e-01
1.337681114673614502e-01
9.358333051204681396e-02
2.198188006877899170e-01
2.251767814159393311e-01
2.819165289402008057e-01
1.744576096534729004e-01
4.918575286865234375e-01
2.559336423873901367e-01
2.386102080345153809e-01
2.153297364711761475e-01
1.988495290279388428e-01
4.634388387203216553e-01
1.314130127429962158e-01
5.459444522857666016e-01
1.966404765844345093e-01
1.006899625062942505e-01
2.492128759622573853e-01
1.870657652616500854e-01
1.957234740257263184e-01
2.157036215066909790e-01
3.771612942218780518e-01
2.315209209918975830e-01
1.299791783094406128e-01
1.944321691989898682e-01
1.317002475261688232e-01
2.596186399459838867e-01
1.429947763681411743e-01
3.814134001731872559e-01
1.453631967306137085e-01
1.920892000198364258e-01
2.547977864742279053e-01
3.096390962600708008e-01
2.369747757911682129e-01
3.006518185138702393e-01
3.141926229000091553e-01
1.750310063362121582e-01
1.109759360551834106e-01
2.275391370058059692e-01
1.228856593370437622e-01
3.901621997356414795e-01
1.827409267425537109e-01
2.252965867519378662e-01
1.371073275804519653e-01
1.568749994039535522e-01
2.458438426256179810e-01
1.823948323726654053e-01
2.365514338016510010e-01
2.158120721578598022e-01
3.973575830459594727e-01
2.357150316238403320e-01
1.500353664159774780e-01
1.906177997589111328e-01
2.241004407405853271e-01
2.446288466453552246e-01
1.555294692516326904e-01
2.510092258453369141e-01
2.067944705486297607e-01
1.837343275547027588e-01
1.826366782188415527e-01
1.906817108392715454e-01
3.392069637775421143e-01
1.307186931371688843e-01
3.719891309738159180e-01
1.160311698913574219e-01
1.127776056528091431e-01
1.841884255409240723e-01
2.861315310001373291e-01
2.766377329826354980e-01
2.241206318140029907e-01
3.776024281978607178e-01
1.683392226696014404e-01
1.687148809432983398e-01
2.860145568847656250e-01
2.194144427776336670e-01
2.305813133716583252e-01
1.685647964477539062e-01
1.905868649482727051e-01
1.156756877899169922e-01
3.931317478418350220e-02
1.935680508613586426e-01
1.052150353789329529e-01
2.163475602865219116e-01
9.789149463176727295e-02
2.490872889757156372e-01
1.766299903392791748e-01
1.284261196851730347e-01
1.960132569074630737e-01
1.424075961112976074e-01
1.778919696807861328e-01
8.752341568470001221e-02
2.733547687530517578e-01
1.939476877450942993e-01
8.960412442684173584e-02
1.761198937892913818e-01
1.429176330566406250e-01
3.603031039237976074e-01
1.237057223916053772e-01
3.952176868915557861e-01
2.304869145154953003e-01
1.104807034134864807e-01
1.733547449111938477e-01
1.013812869787216187e-01
1.963804960250854492e-01
1.782691925764083862e-01
2.992966175079345703e-01
1.954117268323898315e-01
1.959297806024551392e-01
8.396735042333602905e-02
1.435059607028961182e-01
1.839676797389984131e-01
7.643730938434600830e-02
2.789807915687561035e-01
7.300178706645965576e-02
1.356796473264694214e-01
1.649736315011978149e-01
1.302551478147506714e-01
1.950589716434478760e-01
4.858292266726493835e-02
2.465522140264511108e-01
1.350905597209930420e-01
6.200379133224487305e-02
1.129529178142547607e-01
1.026440411806106567e-01
2.505365610122680664e-01
1.003205403685569763e-01
2.130643874406814575e-01
1.945807635784149170e-01
1.276366710662841797e-01
1.611994355916976929e-01
1.540718376636505127e-01
6.989886611700057983e-02
1.686348915100097656e-01
2.973231077194213867e-01
1.533488631248474121e-01
1.538427323102951050e-01
8.798227459192276001e-02
1.025485098361968994e-01
2.074226438999176025e-01
1.291250139474868774e-01
1.840498447418212891e-01
1.886765360832214355e-01
6.686577200889587402e-02
1.205075234174728394e-01
7.385464012622833252e-02
1.930806338787078857e-01
1.487145274877548218e-01
2.702567875385284424e-01
1.356528103351593018e-01
7.513555884361267090e-02
1.533768922090530396e-01
1.945002973079681396e-01
2.434951514005661011e-01
2.149474322795867920e-01
2.565228939056396484e-01
8.486680686473846436e-02
7.269163429737091064e-02
1.152909994125366211e-01
1.479213535785675049e-01
1.214767843484878540e-01
5.467480793595314026e-02
2.590512037277221680e-01
1.377579867839813232e-01
7.289339601993560791e-02
1.262721568346023560e-01
1.384183317422866821e-01
2.937830090522766113e-01
1.162344962358474731e-01
1.648903340101242065e-01
1.294341683387756348e-01
1.201925128698348999e-01
6.831752508878707886e-02
8.541323244571685791e-02
2.728091478347778320e-01
1.150872483849525452e-01
3.278644084930419922e-01
1.199371516704559326e-01
1.325773000717163086e-01
1.684535741806030273e-01
1.132252514362335205e-01
1.128611564636230469e-01
8.682549744844436646e-02
3.116261661052703857e-01
2.128337472677230835e-01
1.577185839414596558e-01
1.496430337429046631e-01
7.413217425346374512e-02
1.408253312110900879e-01
1.053671240806579590e-01
1.468509286642074585e-01
8.714152872562408447e-02
1.148691549897193909e-01
4.678830131888389587e-02
1.312174946069717407e-01
1.479426771402359009e-01
7.852765172719955444e-02
1.372827738523483276e-01
6.832089275121688843e-02
3.449961170554161072e-02
6.818933784961700439e-02
8.143560588359832764e-02
6.911288201808929443e-02
6.755658984184265137e-02
1.567062735557556152e-01
1.657067388296127319e-01
5.103966966271400452e-02
8.939695358276367188e-02
1.219517290592193604e-01
1.270290613174438477e-01
1.559132784605026245e-01
1.947579234838485718e-01
8.542858809232711792e-02
8.260555565357208252e-02
1.598221957683563232e-01
1.297837197780609131e-01
2.023224532604217529e-01
7.745132595300674438e-02
1.799261569976806641e-01
6.595556437969207764e-02
1.426564753055572510e-01
7.873634248971939087e-02
1.007249802350997925e-01
2.101073712110519409e-01
7.559309154748916626e-02
2.119323015213012695e-01
1.179748624563217163e-01
8.180907368659973145e-02
8.841253817081451416e-02
7.104616612195968628e-02
1.612488031387329102e-01
1.122303158044815063e-01
1.556216776371002197e-01
1.446027457714080811e-01
9.322971105575561523e-02
2.078316360712051392e-01
1.539486050605773926e-01
1.332754492759704590e-01
6.058498099446296692e-02
2.387925982475280762e-01
9.420498460531234741e-02
4.046535491943359375e-02
9.535221755504608154e-02
8.808740973472595215e-02
1.562356352806091309e-01
1.071663796901702881e-01
2.037488073110580444e-01
8.089153468608856201e-02
7.014679163694381714e-02
1.673219054937362671e-01
7.502689957618713379e-02
9.736186265945434570e-02
1.070009022951126099e-01
1.303915083408355713e-01
3.889568150043487549e-02
3.539272770285606384e-02
4.020752012729644775e-02
1.631849855184555054e-01
8.243586122989654541e-02
4.519944265484809875e-02
1.095735877752304077e-01
1.143140345811843872e-01
7.362236082553863525e-02
8.393888175487518311e-02
8.073887974023818970e-02
1.877050995826721191e-01
1.278940439224243164e-01
1.057649403810501099e-01
1.837083697319030762e-01
4.675151035189628601e-02
6.424462050199508667e-02
5.578180402517318726e-02
1.295354217290878296e-01
4.717263579368591309e-02
1.190750077366828918e-01
5.871776491403579712e-02
5.626323819160461426e-02
1.098683327436447144e-01
1.509927511215209961e-01
1.076244115829467773e-01
9.658549726009368896e-02
1.300526261329650879e-01
9.097009152173995972e-02
4.943332076072692871e-02
1.047799587249755859e-01
1.022068560123443604e-01
7.213943451642990112e-02
1.133456826210021973e-01
1.171881780028343201e-01
1.115682572126388550e-01
3.832823783159255981e-02
6.224602833390235901e-02
1.178854852914810181e-01
8.413285017013549805e-02
5.459290370345115662e-02
1.910740882158279419e-01
1.544554531574249268e-01
2.984457090497016907e-02
3.372453898191452026e-02
6.354942917823791504e-02
1.411136388778686523e-01
8.643929660320281982e-02
1.407255828380584717e-01
6.260246038436889648e-02
9.480348229408264160e-02
9.265309572219848633e-02
6.998693197965621948e-02
7.781585305929183960e-02
9.548499435186386108e-02
2.224258780479431152e-01
3.525214642286300659e-02
7.153566181659698486e-02
1.866951286792755127e-01
1.705535948276519775e-01
1.362251937389373779e-01
1.155411750078201294e-01
9.172601997852325439e-02
2.487008087337017059e-02
2.996984124183654785e-02
5.586712062358856201e-02
1.009165942668914795e-01
1.328957974910736084e-01
3.459054976701736450e-02
5.656488984823226929e-02
2.311092168092727661e-01
4.470252618193626404e-02
5.899583548307418823e-02
1.751689314842224121e-01
