9.375000000000000000e-02
6.250000000000000000e-02
0.000000000000000000e+00
3.125000000000000000e-02
0.000000000000000000e+00
0.000000000000000000e+00
0.000000000000000000e+00
6.250000000000000000e-02
6.250000000000000000e-02
3.125000000000000000e-02
3.125000000000000000e-02
6.250000000000000000e-02
0.000000000000000000e+00
7.142857462167739868e-02
2.812500000000000000e-01
6.250000000000000000e-02
1.875000000000000000e-01
1.250000000000000000e-01
1.250000000000000000e-01
0.000000000000000000e+00
1.785714328289031982e-01
4.687500000000000000e-01
9.375000000000000000e-02
1.875000000000000000e-01
1.875000000000000000e-01
1.875000000000000000e-01
3.125000000000000000e-02
2.500000000000000000e-01
4.687500000000000000e-01
4.375000000000000000e-01
1.875000000000000000e-01
1.875000000000000000e-01
2.812500000000000000e-01
0.000000000000000000e+00
3.214285969734191895e-01
5.625000000000000000e-01
3.750000000000000000e-01
3.125000000000000000e-01
4.375000000000000000e-01
2.812500000000000000e-01
6.250000000000000000e-02
3.928571343421936035e-01
5.937500000000000000e-01
5.000000000000000000e-01
4.062500000000000000e-01
2.812500000000000000e-01
4.062500000000000000e-01
6.250000000000000000e-02
3.214285969734191895e-01
5.000000000000000000e-01
5.312500000000000000e-01
3.437500000000000000e-01
4.062500000000000000e-01
4.375000000000000000e-01
3.125000000000000000e-02
6.428571939468383789e-01
6.562500000000000000e-01
5.625000000000000000e-01
3.750000000000000000e-01
4.687500000000000000e-01
3.750000000000000000e-01
0.000000000000000000e+00
5.357142686843872070e-01
5.312500000000000000e-01
6.250000000000000000e-01
4.062500000000000000e-01
4.062500000000000000e-01
5.625000000000000000e-01
6.250000000000000000e-02
5.357143282890319824e-01
6.562500000000000000e-01
5.937500000000000000e-01
4.687500000000000000e-01
5.000000000000000000e-01
6.250000000000000000e-01
6.250000000000000000e-02
5.000000000000000000e-01
7.500000000000000000e-01
6.875000000000000000e-01
4.062500000000000000e-01
5.000000000000000000e-01
6.875000000000000000e-01
1.875000000000000000e-01
3.571428656578063965e-01
6.562500000000000000e-01
5.000000000000000000e-01
4.062500000000000000e-01
4.375000000000000000e-01
7.500000000000000000e-01
1.875000000000000000e-01
7.500000000000000000e-01
7.187500000000000000e-01
6.562500000000000000e-01
5.625000000000000000e-01
6.562500000000000000e-01
5.937500000000000000e-01
1.250000000000000000e-01
6.071429252624511719e-01
7.500000000000000000e-01
5.312500000000000000e-01
5.937500000000000000e-01
7.812500000000000000e-01
6.875000000000000000e-01
4.375000000000000000e-01
7.857143282890319824e-01
8.437500000000000000e-01
6.875000000000000000e-01
5.937500000000000000e-01
5.312500000000000000e-01
7.187500000000000000e-01
4.687500000000000000e-01
8.928571939468383789e-01
8.437500000000000000e-01
6.250000000000000000e-01
6.562500000000000000e-01
7.812500000000000000e-01
8.750000000000000000e-01
5.937500000000000000e-01
6.428571939468383789e-01
8.125000000000000000e-01
6.250000000000000000e-01
6.250000000000000000e-01
7.500000000000000000e-01
7.812500000000000000e-01
3.437500000000000000e-01
8.214286565780639648e-01
7.812500000000000000e-01
8.125000000000000000e-01
5.937500000000000000e-01
7.187500000000000000e-01
7.500000000000000000e-01
2.812500000000000000e-01
5.714285969734191895e-01
8.750000000000000000e-01
9.375000000000000000e-01
8.125000000000000000e-01
6.875000000000000000e-01
8.750000000000000000e-01
6.875000000000000000e-01
8.214285969734191895e-01
9.062500000000000000e-01
7.812500000000000000e-01
7.187500000000000000e-01
6.875000000000000000e-01
6.250000000000000000e-01
6.562500000000000000e-01
7.857143282890319824e-01
8.750000000000000000e-01
9.375000000000000000e-01
7.187500000000000000e-01
8.750000000000000000e-01
7.500000000000000000e-01
6.562500000000000000e-01
9.285714626312255859e-01
8.750000000000000000e-01
8.750000000000000000e-01
7.812500000000000000e-01
8.437500000000000000e-01
7.500000000000000000e-01
6.875000000000000000e-01
8.214285969734191895e-01
8.750000000000000000e-01
9.062500000000000000e-01
8.437500000000000000e-01
8.437500000000000000e-01
8.750000000000000000e-01
5.625000000000000000e-01
8.214286565780639648e-01
8.125000000000000000e-01
8.437500000000000000e-01
7.812500000000000000e-01
7.187500000000000000e-01
8.437500000000000000e-01
7.500000000000000000e-01
8.214285969734191895e-01
8.750000000000000000e-01
7.500000000000000000e-01
9.687500000000000000e-01
9.687500000000000000e-01
8.437500000000000000e-01
6.875000000000000000e-01
8.571429252624511719e-01
9.062500000000000000e-01
8.750000000000000000e-01
9.687500000000000000e-01
8.125000000000000000e-01
9.062500000000000000e-01
6.875000000000000000e-01
8.571428656578063965e-01
9.062500000000000000e-01
9.375000000000000000e-01
8.437500000000000000e-01
8.750000000000000000e-01
8.750000000000000000e-01
9.062500000000000000e-01
9.285714626312255859e-01
1.000000000000000000e+00
8.437500000000000000e-01
9.687500000000000000e-01
9.687500000000000000e-01
9.062500000000000000e-01
8.750000000000000000e-01
7.500000000000000000e-01
8.750000000000000000e-01
9.062500000000000000e-01
7.500000000000000000e-01
8.125000000000000000e-01
8.437500000000000000e-01
8.437500000000000000e-01
9.285714626312255859e-01
9.687500000000000000e-01
8.437500000000000000e-01
8.437500000000000000e-01
8.437500000000000000e-01
9.062500000000000000e-01
6.562500000000000000e-01
8.214285969734191895e-01
8.750000000000000000e-01
9.375000000000000000e-01
9.375000000000000000e-01
8.750000000000000000e-01
9.375000000000000000e-01
8.125000000000000000e-01
8.928571939468383789e-01
9.375000000000000000e-01
8.750000000000000000e-01
9.375000000000000000e-01
8.437500000000000000e-01
9.375000000000000000e-01
6.875000000000000000e-01
9.285714626312255859e-01
8.750000000000000000e-01
8.437500000000000000e-01
9.062500000000000000e-01
8.750000000000000000e-01
9.375000000000000000e-01
8.750000000000000000e-01
7.857143282890319824e-01
8.750000000000000000e-01
9.375000000000000000e-01
8.125000000000000000e-01
9.062500000000000000e-01
8.125000000000000000e-01
8.437500000000000000e-01
9.285714626312255859e-01
9.687500000000000000e-01
1.000000000000000000e+00
8.437500000000000000e-01
9.062500000000000000e-01
9.375000000000000000e-01
9.062500000000000000e-01
8.928571939468383789e-01
9.687500000000000000e-01
8.750000000000000000e-01
1.000000000000000000e+00
7.812500000000000000e-01
7.812500000000000000e-01
9.062500000000000000e-01
9.285714626312255859e-01
9.062500000000000000e-01
9.375000000000000000e-01
9.375000000000000000e-01
9.687500000000000000e-01
8.750000000000000000e-01
5.937500000000000000e-01
8.928571939468383789e-01
1.000000000000000000e+00
9.687500000000000000e-01
9.375000000000000000e-01
9.062500000000000000e-01
9.375000000000000000e-01
8.437500000000000000e-01
8.571428656578063965e-01
9.375000000000000000e-01
1.000000000000000000e+00
9.062500000000000000e-01
8.750000000000000000e-01
8.750000000000000000e-01
8.750000000000000000e-01
9.285714626312255859e-01
1.000000000000000000e+00
9.375000000000000000e-01
9.062500000000000000e-01
9.375000000000000000e-01
9.375000000000000000e-01
8.437500000000000000e-01
9.642857313156127930e-01
9.375000000000000000e-01
9.375000000000000000e-01
8.750000000000000000e-01
8.437500000000000000e-01
8.125000000000000000e-01
8.437500000000000000e-01
9.642857313156127930e-01
9.062500000000000000e-01
9.062500000000000000e-01
9.375000000000000000e-01
9.375000000000000000e-01
9.062500000000000000e-01
8.125000000000000000e-01
8.571429252624511719e-01
9.375000000000000000e-01
9.687500000000000000e-01
9.375000000000000000e-01
8.437500000000000000e-01
8.750000000000000000e-01
8.125000000000000000e-01
8.928571939468383789e-01
9.687500000000000000e-01
9.062500000000000000e-01
8.437500000000000000e-01
7.812500000000000000e-01
9.687500000000000000e-01
9.687500000000000000e-01
1.000000000000000000e+00
9.062500000000000000e-01
9.375000000000000000e-01
9.375000000000000000e-01
9.687500000000000000e-01
1.000000000000000000e+00
9.375000000000000000e-01
9.285714626312255859e-01
1.000000000000000000e+00
9.687500000000000000e-01
9.375000000000000000e-01
1.000000000000000000e+00
9.375000000000000000e-01
8.750000000000000000e-01
8.571428656578063965e-01
9.062500000000000000e-01
9.687500000000000000e-01
9.375000000000000000e-01
9.062500000000000000e-01
9.687500000000000000e-01
8.125000000000000000e-01
9.285714626312255859e-01
9.062500000000000000e-01
9.687500000000000000e-01
9.375000000000000000e-01
8.750000000000000000e-01
1.000000000000000000e+00
9.062500000000000000e-01
8.571429252624511719e-01
9.687500000000000000e-01
9.687500000000000000e-01
9.062500000000000000e-01
9.687500000000000000e-01
9.062500000000000000e-01
8.750000000000000000e-01
9.285714626312255859e-01
1.000000000000000000e+00
9.062500000000000000e-01
9.062500000000000000e-01
9.062500000000000000e-01
9.375000000000000000e-01
8.750000000000000000e-01
9.642857313156127930e-01
9.375000000000000000e-01
9.062500000000000000e-01
9.687500000000000000e-01
9.375000000000000000e-01
9.687500000000000000e-01
9.375000000000000000e-01
1.000000000000000000e+00
1.000000000000000000e+00
9.375000000000000000e-01
9.687500000000000000e-01
8.750000000000000000e-01
9.687500000000000000e-01
9.375000000000000000e-01
1.000000000000000000e+00
9.687500000000000000e-01
9.687500000000000000e-01
9.687500000000000000e-01
1.000000000000000000e+00
9.062500000000000000e-01
8.125000000000000000e-01
9.285714626312255859e-01
9.375000000000000000e-01
9.687500000000000000e-01
1.000000000000000000e+00
9.687500000000000000e-01
9.062500000000000000e-01
8.125000000000000000e-01
1.000000000000000000e+00
1.000000000000000000e+00
1.000000000000000000e+00
9.375000000000000000e-01
1.000000000000000000e+00
1.000000000000000000e+00
9.375000000000000000e-01
9.642857313156127930e-01
9.687500000000000000e-01
9.687500000000000000e-01
9.687500000000000000e-01
9.375000000000000000e-01
9.375000000000000000e-01
8.437500000000000000e-01
9.642857313156127930e-01
9.375000000000000000e-01
9.375000000000000000e-01
1.000000000000000000e+00
9.375000000000000000e-01
9.687500000000000000e-01
9.062500000000000000e-01
1.000000000000000000e+00
9.687500000000000000e-01
9.687500000000000000e-01
9.375000000000000000e-01
9.375000000000000000e-01
9.687500000000000000e-01
9.375000000000000000e-01
9.642857313156127930e-01
9.687500000000000000e-01
9.687500000000000000e-01
9.687500000000000000e-01
9.375000000000000000e-01
9.375000000000000000e-01
9.062500000000000000e-01
1.000000000000000000e+00
9.375000000000000000e-01
9.687500000000000000e-01
9.687500000000000000e-01
9.375000000000000000e-01
1.000000000000000000e+00
8.750000000000000000e-01
8.571429252624511719e-01
1.000000000000000000e+00
1.000000000000000000e+00
9.687500000000000000e-01
9.375000000000000000e-01
9.375000000000000000e-01
9.375000000000000000e-01
9.285714626312255859e-01
1.000000000000000000e+00
9.375000000000000000e-01
9.062500000000000000e-01
8.750000000000000000e-01
1.000000000000000000e+00
8.750000000000000000e-01
9.642857313156127930e-01
9.687500000000000000e-01
9.687500000000000000e-01
9.687500000000000000e-01
9.375000000000000000e-01
1.000000000000000000e+00
9.375000000000000000e-01
9.285714626312255859e-01
9.687500000000000000e-01
1.000000000000000000e+00
1.000000000000000000e+00
9.687500000000000000e-01
1.000000000000000000e+00
9.687500000000000000e-01
1.000000000000000000e+00
1.000000000000000000e+00
1.000000000000000000e+00
1.000000000000000000e+00
1.000000000000000000e+00
9.375000000000000000e-01
9.687500000000000000e-01
9.642857313156127930e-01
1.000000000000000000e+00
1.000000000000000000e+00
9.687500000000000000e-01
9.375000000000000000e-01
1.000000000000000000e+00
9.062500000000000000e-01
1.000000000000000000e+00
9.375000000000000000e-01
1.000000000000000000e+00
1.000000000000000000e+00
9.687500000000000000e-01
9.687500000000000000e-01
9.687500000000000000e-01
8.571429252624511719e-01
1.000000000000000000e+00
1.000000000000000000e+00
1.000000000000000000e+00
9.062500000000000000e-01
9.687500000000000000e-01
9.687500000000000000e-01
9.642857313156127930e-01
9.687500000000000000e-01
1.000000000000000000e+00
1.000000000000000000e+00
9.687500000000000000e-01
9.687500000000000000e-01
8.750000000000000000e-01
1.000000000000000000e+00
1.000000000000000000e+00
9.375000000000000000e-01
9.062500000000000000e-01
9.062500000000000000e-01
9.687500000000000000e-01
9.062500000000000000e-01
8.928571939468383789e-01
9.687500000000000000e-01
9.687500000000000000e-01
9.687500000000000000e-01
1.000000000000000000e+00
1.000000000000000000e+00
9.062500000000000000e-01
9.285714626312255859e-01
9.687500000000000000e-01
9.687500000000000000e-01
9.687500000000000000e-01
9.375000000000000000e-01
1.000000000000000000e+00
9.375000000000000000e-01
1.000000000000000000e+00
1.000000000000000000e+00
1.000000000000000000e+00
1.000000000000000000e+00
9.687500000000000000e-01
9.062500000000000000e-01
9.375000000000000000e-01
9.285714626312255859e-01
9.687500000000000000e-01
1.000000000000000000e+00
9.687500000000000000e-01
1.000000000000000000e+00
9.687500000000000000e-01
9.375000000000000000e-01
9.642857313156127930e-01
1.000000000000000000e+00
1.000000000000000000e+00
9.687500000000000000e-01
1.000000000000000000e+00
9.687500000000000000e-01
9.375000000000000000e-01
9.642857313156127930e-01
9.687500000000000000e-01
9.375000000000000000e-01
9.375000000000000000e-01
9.687500000000000000e-01
9.375000000000000000e-01
9.687500000000000000e-01
9.642857313156127930e-01
9.687500000000000000e-01
1.000000000000000000e+00
9.375000000000000000e-01
1.000000000000000000e+00
9.375000000000000000e-01
8.750000000000000000e-01
1.000000000000000000e+00
1.000000000000000000e+00
1.000000000000000000e+00
1.000000000000000000e+00
9.375000000000000000e-01
9.062500000000000000e-01
9.687500000000000000e-01
7.857142686843872070e-01
9.687500000000000000e-01
1.000000000000000000e+00
9.687500000000000000e-01
9.375000000000000000e-01
1.000000000000000000e+00
1.000000000000000000e+00
9.285714626312255859e-01
1.000000000000000000e+00
1.000000000000000000e+00
9.687500000000000000e-01
1.000000000000000000e+00
1.000000000000000000e+00
9.687500000000000000e-01
9.642857313156127930e-01
1.000000000000000000e+00
9.687500000000000000e-01
1.000000000000000000e+00
9.375000000000000000e-01
9.687500000000000000e-01
9.062500000000000000e-01
9.642857313156127930e-01
1.000000000000000000e+00
9.687500000000000000e-01
1.000000000000000000e+00
9.062500000000000000e-01
9.687500000000000000e-01
1.000000000000000000e+00
9.285714626312255859e-01
1.000000000000000000e+00
1.000000000000000000e+00
1.000000000000000000e+00
1.000000000000000000e+00
9.375000000000000000e-01
9.062500000000000000e-01
1.000000000000000000e+00
9.687500000000000000e-01
1.000000000000000000e+00
8.750000000000000000e-01
1.000000000000000000e+00
8.750000000000000000e-01
8.750000000000000000e-01
1.000000000000000000e+00
9.687500000000000000e-01
9.687500000000000000e-01
9.687500000000000000e-01
9.687500000000000000e-01
9.687500000000000000e-01
9.062500000000000000e-01
9.642857313156127930e-01
1.000000000000000000e+00
9.687500000000000000e-01
9.687500000000000000e-01
9.687500000000000000e-01
9.062500000000000000e-01
9.062500000000000000e-01
1.000000000000000000e+00
1.000000000000000000e+00
1.000000000000000000e+00
9.375000000000000000e-01
9.687500000000000000e-01
9.375000000000000000e-01
9.687500000000000000e-01
1.000000000000000000e+00
9.687500000000000000e-01
9.687500000000000000e-01
9.687500000000000000e-01
9.687500000000000000e-01
1.000000000000000000e+00
9.062500000000000000e-01
9.642857313156127930e-01
9.687500000000000000e-01
9.687500000000000000e-01
1.000000000000000000e+00
9.687500000000000000e-01
9.375000000000000000e-01
9.687500000000000000e-01
9.642857313156127930e-01
1.000000000000000000e+00
9.687500000000000000e-01
1.000000000000000000e+00
9.687500000000000000e-01
1.000000000000000000e+00
9.687500000000000000e-01
9.285714626312255859e-01
9.687500000000000000e-01
1.000000000000000000e+00
9.687500000000000000e-01
9.062500000000000000e-01
9.375000000000000000e-01
9.375000000000000000e-01
9.642857313156127930e-01
9.687500000000000000e-01
9.375000000000000000e-01
9.375000000000000000e-01
1.000000000000000000e+00
9.687500000000000000e-01
9.687500000000000000e-01
9.642857313156127930e-01
9.687500000000000000e-01
1.000000000000000000e+00
1.000000000000000000e+00
9.375000000000000000e-01
9.687500000000000000e-01
9.687500000000000000e-01
1.000000000000000000e+00
9.687500000000000000e-01
1.000000000000000000e+00
9.687500000000000000e-01
1.000000000000000000e+00
1.000000000000000000e+00
9.375000000000000000e-01
1.000000000000000000e+00
9.687500000000000000e-01
9.375000000000000000e-01
9.687500000000000000e-01
9.687500000000000000e-01
1.000000000000000000e+00
1.000000000000000000e+00
1.000000000000000000e+00
1.000000000000000000e+00
9.687500000000000000e-01
1.000000000000000000e+00
9.687500000000000000e-01
9.375000000000000000e-01
9.687500000000000000e-01
9.642857313156127930e-01
9.375000000000000000e-01
1.000000000000000000e+00
9.375000000000000000e-01
9.687500000000000000e-01
1.000000000000000000e+00
9.687500000000000000e-01
9.285714626312255859e-01
1.000000000000000000e+00
1.000000000000000000e+00
9.062500000000000000e-01
9.687500000000000000e-01
9.687500000000000000e-01
9.375000000000000000e-01
9.285714626312255859e-01
9.062500000000000000e-01
1.000000000000000000e+00
9.375000000000000000e-01
1.000000000000000000e+00
1.000000000000000000e+00
9.687500000000000000e-01
9.642857313156127930e-01
9.687500000000000000e-01
9.687500000000000000e-01
1.000000000000000000e+00
1.000000000000000000e+00
9.687500000000000000e-01
9.375000000000000000e-01
1.000000000000000000e+00
1.000000000000000000e+00
1.000000000000000000e+00
9.687500000000000000e-01
9.687500000000000000e-01
1.000000000000000000e+00
9.687500000000000000e-01
1.000000000000000000e+00
1.000000000000000000e+00
1.000000000000000000e+00
9.375000000000000000e-01
9.062500000000000000e-01
1.000000000000000000e+00
8.750000000000000000e-01
1.000000000000000000e+00
8.750000000000000000e-01
1.000000000000000000e+00
9.687500000000000000e-01
9.375000000000000000e-01
9.687500000000000000e-01
9.687500000000000000e-01
8.928571939468383789e-01
9.375000000000000000e-01
1.000000000000000000e+00
1.000000000000000000e+00
9.687500000000000000e-01
1.000000000000000000e+00
9.375000000000000000e-01
9.285714626312255859e-01
1.000000000000000000e+00
1.000000000000000000e+00
1.000000000000000000e+00
1.000000000000000000e+00
9.062500000000000000e-01
9.375000000000000000e-01
9.285714626312255859e-01
1.000000000000000000e+00
1.000000000000000000e+00
1.000000000000000000e+00
1.000000000000000000e+00
9.375000000000000000e-01
1.000000000000000000e+00
1.000000000000000000e+00
1.000000000000000000e+00
9.687500000000000000e-01
1.000000000000000000e+00
9.687500000000000000e-01
9.687500000000000000e-01
9.687500000000000000e-01
9.285714626312255859e-01
9.687500000000000000e-01
1.000000000000000000e+00
9.375000000000000000e-01
9.687500000000000000e-01
9.687500000000000000e-01
1.000000000000000000e+00
9.285714626312255859e-01
1.000000000000000000e+00
9.375000000000000000e-01
1.000000000000000000e+00
1.000000000000000000e+00
1.000000000000000000e+00
9.687500000000000000e-01
1.000000000000000000e+00
9.687500000000000000e-01
1.000000000000000000e+00
1.000000000000000000e+00
9.375000000000000000e-01
1.000000000000000000e+00
9.687500000000000000e-01
1.000000000000000000e+00
9.687500000000000000e-01
1.000000000000000000e+00
1.000000000000000000e+00
