1.381024646759033203e+01
1.448589992523193359e+01
1.577018547058105469e+01
1.482331371307373047e+01
1.611330986022949219e+01
1.548945808410644531e+01
1.585957145690917969e+01
1.298493766784667969e+01
1.427863693237304688e+01
1.427193260192871094e+01
1.426189327239990234e+01
1.424306297302246094e+01
1.562648582458496094e+01
1.315218925476074219e+01
8.907206535339355469e+00
1.435618400573730469e+01
1.169262409210205078e+01
1.109609603881835938e+01
1.194721221923828125e+01
1.611809539794921875e+01
1.231861782073974609e+01
7.279685974121093750e+00
1.293523025512695312e+01
1.217026329040527344e+01
1.136885261535644531e+01
1.213290977478027344e+01
1.562223339080810547e+01
1.115647983551025391e+01
6.920391559600830078e+00
6.951818466186523438e+00
1.170737075805664062e+01
1.073114013671875000e+01
1.000670242309570312e+01
1.595788383483886719e+01
9.019171714782714844e+00
5.818284034729003906e+00
8.408536911010742188e+00
9.649804115295410156e+00
7.270942687988281250e+00
1.018556404113769531e+01
1.467998123168945312e+01
7.886447906494140625e+00
6.039432525634765625e+00
6.255811214447021484e+00
8.854144096374511719e+00
9.118345260620117188e+00
7.613615512847900391e+00
1.471898269653320312e+01
8.021442413330078125e+00
7.154095649719238281e+00
5.747085094451904297e+00
9.364380836486816406e+00
6.691434860229492188e+00
6.641177177429199219e+00
1.435567283630371094e+01
5.209125995635986328e+00
4.705909729003906250e+00
5.494589805603027344e+00
9.207500457763671875e+00
6.488760948181152344e+00
7.089241981506347656e+00
1.325455665588378906e+01
6.304886817932128906e+00
6.011676788330078125e+00
5.399114131927490234e+00
8.179898262023925781e+00
6.421012878417968750e+00
3.535239219665527344e+00
1.299498176574707031e+01
4.726785182952880859e+00
3.279353141784667969e+00
5.234622001647949219e+00
6.687001705169677734e+00
4.830821514129638672e+00
3.547081947326660156e+00
1.223534965515136719e+01
5.906672477722167969e+00
2.870758056640625000e+00
4.609035015106201172e+00
7.222593784332275391e+00
3.644922256469726562e+00
1.311580181121826172e+00
1.036656856536865234e+01
6.369936943054199219e+00
4.116781234741210938e+00
5.960371494293212891e+00
7.004639148712158203e+00
4.783277511596679688e+00
1.843876719474792480e+00
6.958595275878906250e+00
2.145091056823730469e+00
3.755311489105224609e+00
4.557068824768066406e+00
4.831028938293457031e+00
1.234600067138671875e+00
2.967656612396240234e+00
7.127359390258789062e+00
1.648747444152832031e+00
1.668966412544250488e+00
4.985705852508544922e+00
4.591699600219726562e+00
1.595454335212707520e+00
1.817570090293884277e+00
4.314204216003417969e+00
1.075258135795593262e+00
1.242115974426269531e+00
4.352078437805175781e+00
3.666994810104370117e+00
2.961151361465454102e+00
1.380599498748779297e+00
2.561846494674682617e+00
5.671735405921936035e-01
9.417065382003784180e-01
3.445239067077636719e+00
3.065232753753662109e+00
1.362703561782836914e+00
1.108386397361755371e+00
1.664062738418579102e+00
2.554150581359863281e+00
1.495649218559265137e+00
2.114294052124023438e+00
2.083527088165283203e+00
1.081441283226013184e+00
9.071910977363586426e-01
3.701684474945068359e+00
1.165575385093688965e+00
1.298182845115661621e+00
1.425977706909179688e+00
2.354558944702148438e+00
1.297210931777954102e+00
1.568909883499145508e+00
3.786860466003417969e+00
1.770857453346252441e+00
7.595257759094238281e-01
3.756628036499023438e-01
6.701463460922241211e-01
1.345270514488220215e+00
4.652308523654937744e-01
1.430672883987426758e+00
7.063391208648681641e-01
2.313329875469207764e-01
1.128167510032653809e+00
1.032171964645385742e+00
1.372046828269958496e+00
1.647701740264892578e+00
1.223576068878173828e+00
1.019610285758972168e+00
7.454369068145751953e-01
5.582410097122192383e-01
9.451748132705688477e-01
4.695357084274291992e-01
1.797757029533386230e+00
1.241959691047668457e+00
2.371747195720672607e-01
5.156260132789611816e-01
4.128745198249816895e-01
7.872204780578613281e-01
7.600857019424438477e-01
7.852668762207031250e-01
9.927514791488647461e-01
6.399029493331909180e-01
3.601364195346832275e-01
7.507271170616149902e-01
5.885795354843139648e-01
4.396598339080810547e-01
8.535071015357971191e-01
1.723834395408630371e+00
7.140075564384460449e-01
6.632753610610961914e-01
6.837562322616577148e-01
8.152296543121337891e-01
9.601006507873535156e-01
3.313509225845336914e-01
1.427199125289916992e+00
7.949185371398925781e-01
7.620401382446289062e-01
6.662861704826354980e-01
9.634733945131301880e-02
9.511654824018478394e-02
4.207611680030822754e-01
7.679516077041625977e-01
6.156728863716125488e-01
8.513523340225219727e-01
8.500294685363769531e-01
1.566507816314697266e-01
7.643858194351196289e-01
3.690587282180786133e-01
1.566727519035339355e+00
5.290690660476684570e-01
2.744302451610565186e-01
3.152800798416137695e-01
5.151067376136779785e-01
9.642579555511474609e-01
6.870229244232177734e-01
3.010283708572387695e-01
2.196037173271179199e-01
2.736275643110275269e-02
1.065309405326843262e+00
7.130288332700729370e-02
1.700744777917861938e-01
2.903850972652435303e-01
5.064100623130798340e-01
1.587748289108276367e+00
5.203121304512023926e-01
4.529497027397155762e-01
8.309081792831420898e-01
4.129970371723175049e-01
6.120019555091857910e-01
4.222289621829986572e-01
3.459625244140625000e-01
1.284895539283752441e-01
5.930202603340148926e-01
5.780302882194519043e-01
5.275092720985412598e-01
3.654033839702606201e-01
1.168608307838439941e+00
7.097375392913818359e-01
5.454306602478027344e-01
6.406024843454360962e-02
3.615936934947967529e-01
7.313908338546752930e-01
4.074379801750183105e-01
5.127938985824584961e-01
4.191142022609710693e-01
3.718529641628265381e-01
4.907890260219573975e-01
2.982874214649200439e-01
4.689811468124389648e-01
1.335478127002716064e-01
1.482855916023254395e+00
2.486757636070251465e-01
2.664425671100616455e-01
4.049133956432342529e-01
2.163517028093338013e-01
5.533711910247802734e-01
2.380467951297760010e-01
4.831156432628631592e-01
1.049003481864929199e+00
2.246986031532287598e-01
1.576674431562423706e-01
9.660406708717346191e-01
4.166120588779449463e-01
5.710058212280273438e-01
5.919772982597351074e-01
4.391072392463684082e-01
2.813160121440887451e-01
1.479028631001710892e-02
3.353035449981689453e-01
4.412663578987121582e-01
4.810292720794677734e-01
4.405506849288940430e-01
4.783875346183776855e-01
4.934641718864440918e-02
2.913390398025512695e-01
4.852487891912460327e-02
7.714056372642517090e-01
5.265458822250366211e-01
2.235465347766876221e-01
1.502493619918823242e-01
3.730603456497192383e-01
1.614374518394470215e-01
6.083732843399047852e-01
5.700089782476425171e-02
3.166827261447906494e-01
1.728470563888549805e+00
4.180030524730682373e-01
4.378385469317436218e-02
1.430692821741104126e-01
4.674413204193115234e-01
1.908206939697265625e-01
4.187056720256805420e-01
6.069566011428833008e-01
2.109029591083526611e-01
2.644293010234832764e-01
2.719633653759956360e-02
4.005196988582611084e-01
5.826377868652343750e-01
3.556007742881774902e-01
2.838089466094970703e-01
2.164658457040786743e-01
2.943389303982257843e-02
3.530398905277252197e-01
2.595029771327972412e-01
1.778437495231628418e-01
8.509397506713867188e-02
8.442827463150024414e-01
1.072057932615280151e-01
4.360761642456054688e-01
8.218779563903808594e-01
6.477530002593994141e-01
7.439809441566467285e-01
4.268278181552886963e-01
6.036152839660644531e-01
2.468886375427246094e-01
2.501066029071807861e-01
7.017261385917663574e-01
1.507935523986816406e-01
1.448982954025268555e-01
2.170970439910888672e-01
5.155785083770751953e-01
3.222029507160186768e-01
6.548760086297988892e-02
3.247491419315338135e-01
1.595719903707504272e-01
6.172505617141723633e-01
5.749758481979370117e-01
6.245448589324951172e-01
3.680079579353332520e-01
1.746982485055923462e-01
3.502658009529113770e-01
4.829908013343811035e-01
6.141037940979003906e-01
4.040707275271415710e-02
2.990279495716094971e-01
6.104359868913888931e-03
7.518687844276428223e-01
8.234956115484237671e-02
2.156713902950286865e-01
9.420587122440338135e-02
1.238823169842362404e-03
5.199945569038391113e-01
1.027939617633819580e-01
2.427447587251663208e-03
2.521712183952331543e-01
7.982407510280609131e-02
2.423947118222713470e-02
4.974083304405212402e-01
3.127267956733703613e-01
4.831567108631134033e-01
3.264873027801513672e-01
5.634010210633277893e-02
2.936940789222717285e-01
1.678703427314758301e-01
5.639096722006797791e-02
5.544191598892211914e-01
2.600605189800262451e-01
1.548662036657333374e-01
6.822041422128677368e-02
5.495027303695678711e-01
3.231435418128967285e-01
1.025865320116281509e-02
4.750920534133911133e-01
6.195967197418212891e-01
9.776260703802108765e-02
9.117649495601654053e-02
3.407273292541503906e-01
1.336354166269302368e-01
6.254541873931884766e-01
4.539935886859893799e-01
1.967368870973587036e-01
2.279054187238216400e-02
6.251813173294067383e-01
3.566908836364746094e-01
1.998935937881469727e-01
3.764528930187225342e-01
3.371231853961944580e-01
4.802597165107727051e-01
2.222648411989212036e-01
2.433241307735443115e-01
1.593854427337646484e-01
4.285324811935424805e-01
1.691838502883911133e-01
1.985219120979309082e-01
3.724203631281852722e-02
1.104819681495428085e-02
4.176004827022552490e-01
2.629304230213165283e-01
3.332300186157226562e-01
1.130904406309127808e-01
4.878448843955993652e-01
1.247421093285083771e-02
1.098239943385124207e-01
3.025129139423370361e-01
1.879578232765197754e-01
2.415276877582073212e-02
3.471973538398742676e-01
3.898578882217407227e-01
1.190598160028457642e-01
3.307825028896331787e-01
1.571308374404907227e-01
1.732166483998298645e-02
9.609552472829818726e-02
3.458886444568634033e-01
5.867355465888977051e-01
9.421154856681823730e-03
2.457768190652132034e-03
8.032668847590684891e-05
3.276359736919403076e-01
2.070826478302478790e-02
2.432720735669136047e-02
2.509243786334991455e-01
1.193256452679634094e-01
5.210680514574050903e-02
3.437204062938690186e-01
1.618019342422485352e-01
1.057399064302444458e-01
5.942503809928894043e-01
2.830022871494293213e-01
2.175547927618026733e-01
4.390616118907928467e-01
1.836305558681488037e-01
2.403261512517929077e-02
2.401432543992996216e-01
6.112420186400413513e-02
2.705302238464355469e-01
7.279808819293975830e-02
2.695456743240356445e-01
1.883346885442733765e-01
5.443540215492248535e-01
2.090007960796356201e-01
5.748458951711654663e-02
1.801426112651824951e-01
1.005300208926200867e-01
5.321103706955909729e-02
1.049508228898048401e-01
4.495273530483245850e-02
6.198956966400146484e-01
3.089566528797149658e-01
1.908192336559295654e-01
9.804445318877696991e-03
5.712598562240600586e-01
1.235449239611625671e-01
5.799426510930061340e-02
6.068748235702514648e-02
2.709506661631166935e-04
3.059151172637939453e-01
4.584648609161376953e-01
1.951380260288715363e-02
9.740547102410346270e-05
3.533857315778732300e-02
1.489828675985336304e-01
1.638487279415130615e-01
9.522804617881774902e-02
1.405567228794097900e-01
6.498285802081227303e-05
3.778497278690338135e-01
3.617925345897674561e-01
7.734882831573486328e-01
1.744296588003635406e-02
3.926164507865905762e-01
1.196832656860351562e-01
1.134513691067695618e-01
4.431465268135070801e-02
4.137734323740005493e-02
8.813934028148651123e-02
3.273667069151997566e-03
1.334737986326217651e-01
4.703413844108581543e-01
5.830247700214385986e-02
1.265526865608990192e-03
5.311037602950818837e-05
1.108083575963973999e-01
1.433060877025127411e-02
9.561859071254730225e-02
1.288532558828592300e-02
1.022029246087186038e-04
4.534387961030006409e-03
2.099883742630481720e-02
5.139679647982120514e-03
2.598125934600830078e-01
1.298932731151580811e-01
1.596979200839996338e-01
1.215914171189069748e-02
2.509957121219485998e-04
9.260779619216918945e-02
1.655810773372650146e-01
9.258667938411235809e-03
3.293091058731079102e-01
7.327588275074958801e-03
3.070684373378753662e-01
2.896845107898116112e-03
2.984118647873401642e-03
1.304271370172500610e-01
8.113390207290649414e-02
7.935904711484909058e-02
3.977056741714477539e-01
1.537615340203046799e-02
1.496446132659912109e-02
3.915956476703286171e-04
5.559070706367492676e-01
3.855169415473937988e-01
4.197481572628021240e-01
6.958501785993576050e-02
4.956657439470291138e-02
1.009681262075901031e-03
8.626061753602698445e-05
3.625383228063583374e-02
4.913068711757659912e-01
1.201594829559326172e+00
1.828023791313171387e-02
2.321294695138931274e-02
2.489713132381439209e-01
5.731590986251831055e-01
2.899250388145446777e-01
3.889060020446777344e-02
2.295322716236114502e-01
2.163578420877456665e-01
2.227144837379455566e-01
2.183312177658081055e-01
2.179575711488723755e-01
1.139190699905157089e-02
2.223867177963256836e-02
5.090761184692382812e-01
1.226154863834381104e-01
9.155675023794174194e-02
1.549312621355056763e-01
1.960942596197128296e-01
2.448576390743255615e-01
1.824916712939739227e-02
2.106721997261047363e-01
2.482131123542785645e-03
1.066010538488626480e-02
1.243574637919664383e-02
6.002808455377817154e-03
4.741783440113067627e-02
2.498455047607421875e-01
2.393666952848434448e-01
9.870892763137817383e-02
9.897454082965850830e-02
2.485050074756145477e-02
3.422804176807403564e-02
8.372680167667567730e-04
3.485716879367828369e-01
3.746436834335327148e-01
7.930640131235122681e-02
1.763213984668254852e-02
8.629768155515193939e-03
1.171982139348983765e-01
2.221408300101757050e-02
1.996055394411087036e-01
1.010876968502998352e-01
2.621998190879821777e-01
5.928095802664756775e-02
2.076088041067123413e-01
1.430656015872955322e-01
2.721290104091167450e-02
1.167625114321708679e-01
8.414185792207717896e-02
5.084320306777954102e-01
1.718940436840057373e-01
1.081199385225772858e-02
4.966283440589904785e-01
7.538527250289916992e-03
1.795469969511032104e-01
4.713893830776214600e-01
2.713147178292274475e-02
3.650794440090976423e-07
1.764693669974803925e-02
1.972746476531028748e-02
1.163917779922485352e-01
3.963711559772491455e-01
6.807582825422286987e-02
6.936593055725097656e-01
7.920081913471221924e-02
2.150049246847629547e-02
3.462690114974975586e-02
1.020108759403228760e-01
1.734313368797302246e-02
1.824207790195941925e-02
2.550112903118133545e-01
8.057609666138887405e-04
3.591860178858041763e-03
4.552780091762542725e-02
1.317762862890958786e-02
6.875498220324516296e-04
4.118787124752998352e-02
7.916028797626495361e-02
1.273256348213180900e-04
1.556182801723480225e-01
6.544281262904405594e-03
1.826802492141723633e-01
2.847028076648712158e-01
2.227133363485336304e-01
2.304424345493316650e-01
1.981718651950359344e-02
7.673460990190505981e-02
1.404629321768879890e-03
4.873249530792236328e-01
9.018811583518981934e-02
4.455963522195816040e-02
9.382063895463943481e-02
5.551712238229811192e-04
1.169368551927618682e-04
1.764515996910631657e-03
8.397457189857959747e-03
3.660270571708679199e-01
3.310372233390808105e-01
1.945435884408652782e-03
1.567360907793045044e-01
7.266491302289068699e-04
2.684471607208251953e-01
2.438018564134836197e-03
5.453408360481262207e-01
2.536762654781341553e-01
4.653728101402521133e-03
3.583827987313270569e-02
2.480162382125854492e-01
4.112599790096282959e-02
9.290850162506103516e-02
7.800124585628509521e-02
4.678905010223388672e-01
5.969652161002159119e-02
1.537207863293588161e-04
1.704333573579788208e-01
5.913407728075981140e-02
8.153253793716430664e-02
3.048032224178314209e-01
2.691035270690917969e-01
2.281014993786811829e-02
1.287762355059385300e-02
2.235417021438479424e-03
1.831730306148529053e-01
3.032051324844360352e-01
4.800844490528106689e-01
1.552911698818206787e-01
7.268162444233894348e-03
2.180739194154739380e-01
1.992858350276947021e-01
5.343158915638923645e-02
2.862923145294189453e-01
2.217619493603706360e-02
4.488248527050018311e-01
5.760848522186279297e-01
6.723951548337936401e-02
3.349575400352478027e-02
5.269559100270271301e-03
5.914827808737754822e-02
1.365086138248443604e-01
4.347613826394081116e-02
4.229352176189422607e-01
4.525968688540160656e-04
3.541349619626998901e-02
5.205940920859575272e-03
8.091874420642852783e-02
5.249445792287588120e-03
2.749587595462799072e-01
2.002742886543273926e-01
1.869938820600509644e-01
1.451769727282226086e-03
7.695447653532028198e-02
4.248350262641906738e-01
4.738208353519439697e-01
7.635712623596191406e-02
1.109627187252044678e-01
2.221101224422454834e-01
1.811727434396743774e-01
6.847821474075317383e-01
1.233084127306938171e-03
2.160745859146118164e-01
4.157284274697303772e-02
8.746555447578430176e-02
6.847061216831207275e-02
4.148680454818531871e-05
1.400816108798608184e-04
1.640107929706573486e-01
1.806258410215377808e-01
4.998647794127464294e-02
9.556762233842164278e-05
1.222650632262229919e-01
1.410667039453983307e-02
8.240766823291778564e-02
9.620219352655112743e-04
1.178766600787639618e-02
3.088074028491973877e-01
2.768809162080287933e-02
4.369588196277618408e-02
5.254983305931091309e-01
4.487625136971473694e-02
9.169895946979522705e-02
1.553337182849645615e-02
5.175725556910037994e-03
1.948816701769828796e-03
9.049909189343452454e-03
3.117429912090301514e-01
1.520158257335424423e-02
3.883434087038040161e-02
6.440612673759460449e-02
5.236777290701866150e-02
2.696790695190429688e-01
2.898258566856384277e-01
5.594002082943916321e-03
1.677762120962142944e-01
1.162532344460487366e-01
8.766303071752190590e-04
6.748679280281066895e-02
1.015703454613685608e-01
1.232870621606707573e-03
6.890916731208562851e-03
2.353020608425140381e-01
5.056949257850646973e-01
7.372684031724929810e-02
3.048323094844818115e-01
1.407620906829833984e-01
3.097793161869049072e-01
3.494942560791969299e-03
2.877691388130187988e-01
1.994979567825794220e-02
3.202551743015646935e-04
1.567801535129547119e-01
9.385761618614196777e-02
1.161984801292419434e-01
7.776647806167602539e-02
3.370015881955623627e-03
4.959402605891227722e-03
7.495187968015670776e-02
3.717469573020935059e-01
1.025825645774602890e-02
9.453531674807891250e-05
1.837137970142066479e-03
4.014877974987030029e-01
5.338700115680694580e-02
4.227877594530582428e-03
1.207914128899574280e-01
1.489324495196342468e-02
9.478598833084106445e-03
3.063036128878593445e-03
1.471519917249679565e-01
6.287432909011840820e-01
2.904804609715938568e-02
4.838882088661193848e-01
1.588716404512524605e-04
3.253665864467620850e-01
4.386233922559767962e-04
1.219237372279167175e-01
1.515880227088928223e-01
2.455773577094078064e-02
8.558280766010284424e-02
5.653952360153198242e-01
2.899972200393676758e-01
6.707643933623330668e-06
1.528036128729581833e-02
5.880985036492347717e-02
1.460142061114311218e-02
2.129655033349990845e-01
2.444760352373123169e-01
3.166642563883215189e-04
1.022348739206790924e-02
2.136103343218564987e-03
2.595724305137991905e-03
6.923677325248718262e-01
2.895320355892181396e-01
1.654125303030014038e-01
2.567165356595069170e-04
8.798741037026047707e-04
7.971958257257938385e-03
9.819501079618930817e-03
2.730407118797302246e-01
1.056429371237754822e-02
2.027786709368228912e-02
5.530886846827343106e-05
1.848724633455276489e-01
6.432902999222278595e-03
9.584855288267135620e-02
3.186758235096931458e-02
7.304149121046066284e-02
3.621003031730651855e-01
2.055900990962982178e-01
1.286538201384246349e-03
1.381939351558685303e-01
6.071562692523002625e-02
4.435169324278831482e-02
2.821297850459814072e-03
3.177281022071838379e-01
3.880273288814350963e-05
1.077844575047492981e-01
1.342882588505744934e-02
8.379261998925358057e-05
3.837229683995246887e-03
9.761230647563934326e-02
1.285066944546997547e-03
7.276588678359985352e-02
1.069994978024624288e-04
2.106437605107203126e-04
9.064815193414688110e-02
1.101020444184541702e-02
6.337452679872512817e-02
4.193228855729103088e-02
6.120472773909568787e-02
1.728969812393188477e-02
1.538092456758022308e-02
